name	zone	localx	localy	localz	posx	posy	posz
aqua_0	Aquarfall	-5.544	3.951	0	-5.544	3.951	0
aqua_1	Aquarfall	-4.339	2.93	0	-4.339	2.93	0
aqua_2	Aquarfall	-5.929	1.924	0	-5.929	1.924	0
aqua_3	Aquarfall	-3.859	1.823	0	-3.859	1.823	0
aqua_4	Aquarfall	-2.341	2.691	0	-2.341	2.691	0
aqua_5	Aquarfall	-6.343	0.476	0	-6.343	0.476	0
aqua_6	Aquarfall	-4.553	0.142	0	-4.553	0.142	0
aqua_7	Aquarfall	-2.837	1.149	0	-2.837	1.149	0
aqua_8	Aquarfall	-1.236	2.073	0	-1.236	2.073	0
aqua_49	Aquarfall	-1.585	1.224	0	-1.585	1.224	0
aqua_9	Aquarfall	-6.618	-0.788	0	-6.618	-0.788	0
aqua_10	Aquarfall	-4.893	-1.029	0	-4.893	-1.029	0
aqua_11	Aquarfall	-3.049	-0.787	0	-3.049	-0.787	0
aqua_12	Aquarfall	-2.187	0.263	0	-2.187	0.263	0
aqua_13	Aquarfall	-5.004	-3.717	0	-5.004	-3.717	0
aqua_14	Aquarfall	-4.102	-2.742	0	-4.102	-2.742	0
aqua_15	Aquarfall	-2.937	-3.477	0	-2.937	-3.477	0
aqua_16	Aquarfall	-1.109	-3.16	0	-1.109	-3.16	0
aqua_17	Aquarfall	-0.76	-0.883	0	-0.76	-0.883	0
aqua_18	Aquarfall	0.972	-0.206	0	0.972	-0.206	0
aqua_19	Aquarfall	0.244	1.111	0	0.244	1.111	0
aqua_20	Aquarfall	2.077	0.719	0	2.077	0.719	0
aqua_21	Aquarfall	3.524	0.128	0	3.524	0.128	0
aqua_22	Aquarfall	0.231	3.254	0	0.231	3.254	0
aqua_23	Aquarfall	2.123	3.116	0	2.123	3.116	0
aqua_24	Aquarfall	3.152	2.192	0	3.152	2.192	0
aqua_25	Aquarfall	4.42	2.981	0	4.42	2.981	0
aqua_26	Aquarfall	5.438	1.746	0	5.438	1.746	0
aqua_27	Aquarfall	6.407	3.688	0	6.407	3.688	0
aqua_28	Aquarfall	7.695	2.462	0	7.695	2.462	0
aqua_29	Aquarfall	7.018	1.419	0	7.018	1.419	0
aqua_30	Aquarfall	5.136	-0.286	0	5.136	-0.286	0
aqua_31	Aquarfall	2.555	-2.558	0	2.555	-2.558	0
aqua_32	Aquarfall	3.338	-3.398	0	3.338	-3.398	0
aqua_33	Aquarfall	5.917	-2.924	0	5.917	-2.924	0
aqua_34	Aquarfall	6.233	-1.486	0	6.233	-1.486	0
aqua_35	Aquarfall	7.3	-2.454	0	7.3	-2.454	0
aqua_36	Aquarfall	7.533	-1.066	0	7.533	-1.066	0
aqua_37	Aquarfall	-2.428	0.54	0	-2.428	0.54	0
aqua_38	Aquarfall	-6.205	-2.722	0	-6.205	-2.722	0
aqua_39	Aquarfall	4.704	0.815	0	4.704	0.815	0
aqua_40	Aquarfall	4.218	-2.184	0	4.218	-2.184	0
aqua_41	Aquarfall	2.244	-0.314	0	2.244	-0.314	0
aqua_42	Aquarfall	-0.9	0.28	0	-0.9	0.28	0
aqua_43	Aquarfall	0.987	-1.906	0	0.987	-1.906	0
aqua_44	Aquarfall	-2.561	-2.02	0	-2.561	-2.02	0
aqua_45	Aquarfall	8.298	1.442	0	8.298	1.442	0
aqua_46	Aquarfall	-1.709	-3.982	0	-1.709	-3.982	0
aqua_47	Aquarfall	3.38	3.38	0	3.38	3.38	0
aqua_48	Aquarfall	1.527	1.992	0	1.527	1.992	0
aqua_50	Aquarfall	3.338	-3.398	0	3.338	-3.398	0
of1_0	Of1	-4.939	0.251	0	-4.932403	0.3169702	0
of1_1	Of1	-3.918	0.318	0	-3.911403	0.3839702	0
of1_2	Of1	-1.92	1.37	0	-1.913403	1.43597	0
of1_3	Of1	-1.687	0.092	0	-1.680403	0.1579702	0
of1_4	Of1	-2.086	-1.871	0	-2.079403	-1.80503	0
of1_5	Of1	0.081	1.595	0	0.08759703	1.66097	0
of1_6	Of1	0.306	-0.026	0	0.312597	0.03997021	0
of1_7	Of1	0.579	-1.959	0	0.585597	-1.89303	0
of1_8	Of1	1.555	1.175	0	1.561597	1.24097	0
of1_9	Of1	1.936	-1.246	0	1.942597	-1.18003	0
of1_10	Of1	3.058	0.464	0	3.064597	0.5299702	0
of1_11	Of1	4.207	0.472	0	4.213597	0.5379702	0
of2_0	Of2	-4.852	0.1	0	-4.845403	0.1659702	0
of2_1	Of2	-3.735	0.226	0	-3.728403	0.2919702	0
of2_2	Of2	-1.894	1.564	0	-1.887403	1.62997	0
of2_3	Of2	-1.298	0.037	0	-1.291403	0.1029702	0
of2_4	Of2	-2.519	-1.224	0	-2.512403	-1.15803	0
of2_5	Of2	-0.481	1.78	0	-0.474403	1.84597	0
of2_6	Of2	0.272	0.036	0	0.2785971	0.1019702	0
of2_7	Of2	0.208	-1.746	0	0.214597	-1.68003	0
of2_8	Of2	1.648	0.802	0	1.654597	0.8679702	0
of2_9	Of2	1.675	-0.978	0	1.681597	-0.9120297	0
of2_10	Of2	3.228	0.283	0	3.234597	0.3489702	0
of2_11	Of2	4.398	0.299	0	4.404597	0.3649702	0
oh1_0	Oh1	-7.733	0.188	0	-7.726403	0.2539702	0
oh1_1	Oh1	-5.331	1.503	0	-5.324403	1.56897	0
oh1_2	Oh1	-4.701	0.118	0	-4.694403	0.1839702	0
oh1_3	Oh1	-6.169	-1.542	0	-6.162403	-1.47603	0
oh1_4	Oh1	-4.917	-2.187	0	-4.910403	-2.12103	0
oh1_5	Oh1	-3.917	2.429	0	-3.910403	2.49497	0
oh1_6	Oh1	-3.319	0.16	0	-3.312403	0.2259702	0
oh1_7	Oh1	-2.631	-2.568	0	-2.624403	-2.50203	0
oh1_8	Oh1	-2.081	3.112	0	-2.074403	3.17797	0
oh1_9	Oh1	-1.062	1.466	0	-1.055403	1.53197	0
oh1_10	Oh1	-1.808	0.121	0	-1.801403	0.1869702	0
oh1_11	Oh1	-0.917	-1.406	0	-0.910403	-1.34003	0
oh1_12	Oh1	-0.404	-3.778	0	-0.397403	-3.71203	0
oh1_13	Oh1	0.172	3.291	0	0.178597	3.35697	0
oh1_14	Oh1	1.685	3.553	0	1.691597	3.61897	0
oh1_15	Oh1	0.32	-0.426	0	0.326597	-0.3600298	0
oh1_16	Oh1	0.932	-3.267	0	0.938597	-3.20103	0
oh1_17	Oh1	3.454	2.598	0	3.460597	2.66397	0
oh1_18	Oh1	4.792	1.837	0	4.798597	1.90297	0
oh1_19	Oh1	2.44	0.053	0	2.446597	0.1189702	0
oh1_20	Oh1	4.105	0.053	0	4.111597	0.1189702	0
oh1_21	Oh1	2.769	-2.783	0	2.775597	-2.71703	0
oh1_22	Oh1	4.27	-1.764	0	4.276597	-1.69803	0
oh1_23	Oh1	5.637	0.941	0	5.643597	1.00697	0
oh1_24	Oh1	5.681	-0.821	0	5.687597	-0.7550298	0
oh1_25	Oh1	7.093	0.011	0	7.099597	0.07697021	0
oh1_26	Oh1	8.638	1.168	0	8.644596	1.23397	0
oh1_27	Oh1	1.835	1.518	0	1.841597	1.58397	0
oh1_28	Oh1	1.795	-1.265	0	1.801597	-1.19903	0
oh1_29	Oh1	5.164	-3.119	0	5.170597	-3.05303	0
oh1_30	Oh1	-5.933	-3.304	0	-5.926403	-3.23803	0
oh1_31	Oh1	-6.707	0.292	0	-6.700403	0.3579702	0
oh2_0	Oh2	-7.839	0.153	0	-7.832403	0.2189702	0
oh2_1	Oh2	-5.442	0.982	0	-5.435403	1.04797	0
oh2_2	Oh2	-5.429	-0.821	0	-5.422403	-0.7550298	0
oh2_3	Oh2	-4.323	1.545	0	-4.316403	1.61097	0
oh2_4	Oh2	-4.077	-1.698	0	-4.070403	-1.63203	0
oh2_5	Oh2	-5.749	-2.477	0	-5.742403	-2.41103	0
oh2_6	Oh2	-3.046	3.183	0	-3.039403	3.24897	0
oh2_7	Oh2	-2.42	1.762	0	-2.413403	1.82797	0
oh2_8	Oh2	-3.196	0.586	0	-3.189403	0.6519703	0
oh2_9	Oh2	-2.84	-1.074	0	-2.833403	-1.00803	0
oh2_10	Oh2	-3.268	-2.56	0	-3.261403	-2.49403	0
oh2_11	Oh2	-0.682	2.631	0	-0.6754029	2.69697	0
oh2_12	Oh2	-1.06	-0.21	0	-1.053403	-0.1440298	0
oh2_13	Oh2	-1.02	-2.882	0	-1.013403	-2.81603	0
oh2_14	Oh2	1.118	2.681	0	1.124597	2.74697	0
oh2_15	Oh2	1.204	0.85	0	1.210597	0.9159702	0
oh2_16	Oh2	0.67	-1.43	0	0.6765971	-1.36403	0
oh2_17	Oh2	1.15	-3.21	0	1.156597	-3.14403	0
oh2_18	Oh2	2.67	1.89	0	2.676597	1.95597	0
oh2_19	Oh2	2.42	-2.08	0	2.426597	-2.01403	0
oh2_20	Oh2	3.17	-3.464	0	3.176597	-3.39803	0
oh2_21	Oh2	4.48	1.67	0	4.486597	1.73597	0
oh2_22	Oh2	3.58	0.05	0	3.586597	0.1159702	0
oh2_23	Oh2	4.933	-2.16	0	4.939597	-2.09403	0
oh2_24	Oh2	5.674	1.103	0	5.680597	1.16897	0
oh2_25	Oh2	5.228	0.045	0	5.234597	0.1109702	0
oh2_26	Oh2	7.108	-0.125	0	7.114597	-0.05902979	0
oh2_27	Oh2	8.642	1.046	0	8.648597	1.11197	0
oh2_28	Oh2	6.105	-1.299	0	6.111597	-1.23303	0
oh2_29	Oh2	-6.754	0.272	0	-6.747403	0.3379702	0
oh2_30	Oh2	3.74	-1.144	0	3.746597	-1.07803	0
oh2_31	Oh2	2.163	3.433	0	2.169597	3.49897	0
oh3_0	Oh3	-7.713	0.208	0	-7.706403	0.2739702	0
oh3_1	Oh3	-5.569	1.403	0	-5.562403	1.46897	0
oh3_2	Oh3	-5.064	0.054	0	-5.057403	0.1199702	0
oh3_3	Oh3	-6.248	-1.951	0	-6.241403	-1.88503	0
oh3_4	Oh3	-4.68	2.77	0	-4.673403	2.83597	0
oh3_5	Oh3	-3.37	0	0	-3.363403	0.06597021	0
oh3_6	Oh3	-4.08	-3.32	0	-4.073403	-3.25403	0
oh3_7	Oh3	-2.721	3.857	0	-2.714403	3.92297	0
oh3_8	Oh3	-2.455	2.7	0	-2.448403	2.76597	0
oh3_9	Oh3	-3.29	1.57	0	-3.283403	1.63597	0
oh3_10	Oh3	-1.99	0.03	0	-1.983403	0.09597021	0
oh3_11	Oh3	-2.561	-2.196	0	-2.554403	-2.13003	0
oh3_12	Oh3	-2.274	-3.541	0	-2.267403	-3.47503	0
oh3_13	Oh3	-0.521	3.591	0	-0.514403	3.65697	0
oh3_14	Oh3	-1.175	1.162	0	-1.168403	1.22797	0
oh3_15	Oh3	-1.026	-1.305	0	-1.019403	-1.23903	0
oh3_16	Oh3	-0.961	-3.809	0	-0.954403	-3.74303	0
oh3_17	Oh3	1.483	3.538	0	1.489597	3.60397	0
oh3_18	Oh3	0.748	2.514	0	0.7545971	2.57997	0
oh3_19	Oh3	0.416	1.033	0	0.4225971	1.09897	0
oh3_20	Oh3	0.55	-0.41	0	0.5565971	-0.3440298	0
oh3_21	Oh3	0.314	-2.054	0	0.3205971	-1.98803	0
oh3_22	Oh3	1.76	-2.35	0	1.766597	-2.28403	0
oh3_23	Oh3	2.805	2.617	0	2.811597	2.68297	0
oh3_24	Oh3	2.325	0.062	0	2.331597	0.1279702	0
oh3_25	Oh3	4.24	-2.38	0	4.246597	-2.31403	0
oh3_26	Oh3	4.42	1.59	0	4.426597	1.65597	0
oh3_27	Oh3	4.289	-0.428	0	4.295597	-0.3620298	0
oh3_28	Oh3	5.662	1.016	0	5.668597	1.08197	0
oh3_29	Oh3	5.777	-1.09	0	5.783597	-1.02403	0
oh3_30	Oh3	7.132	-0.134	0	7.138597	-0.06802979	0
oh3_31	Oh3	8.635	1.021	0	8.641597	1.08697	0
oh3_32	Oh3	-6.633	0.337	0	-6.626403	0.4029702	0
oh3_33	Oh3	2.739	-3.475	0	2.745597	-3.40903	0
oh3_34	Oh3	4.278	3.499	0	4.284597	3.56497	0
oh4_0	Oh4	-7.726	0.087	0	-7.719403	0.1529702	0
oh4_1	Oh4	-5.709	1.673	0	-5.702403	1.73897	0
oh4_2	Oh4	-4.824	0.889	0	-4.817403	0.9549702	0
oh4_3	Oh4	-6.333	-1.342	0	-6.326403	-1.27603	0
oh4_4	Oh4	-4.834	2.823	0	-4.827403	2.88897	0
oh4_5	Oh4	-3.644	0.473	0	-3.637403	0.5389702	0
oh4_6	Oh4	-4.507	-1.424	0	-4.500403	-1.35803	0
oh4_7	Oh4	-4.894	-2.878	0	-4.887403	-2.81203	0
oh4_8	Oh4	-2.967	2.852	0	-2.960403	2.91797	0
oh4_9	Oh4	-2.74	1.44	0	-2.733403	1.50597	0
oh4_10	Oh4	-1.808	-0.255	0	-1.801403	-0.1890298	0
oh4_11	Oh4	-2.804	-2.129	0	-2.797403	-2.06303	0
oh4_12	Oh4	-1.175	-2.479	0	-1.168403	-2.41303	0
oh4_13	Oh4	-0.963	2.421	0	-0.956403	2.48697	0
oh4_14	Oh4	-0.539	1.223	0	-0.5324029	1.28897	0
oh4_15	Oh4	0.354	-0.347	0	0.360597	-0.2810298	0
oh4_16	Oh4	1.18	-2.779	0	1.186597	-2.71303	0
oh4_17	Oh4	0.778	3.287	0	0.784597	3.35297	0
oh4_18	Oh4	2.578	3.273	0	2.584597	3.33897	0
oh4_19	Oh4	0.669	1.896	0	0.6755971	1.96197	0
oh4_20	Oh4	2.342	1.738	0	2.348597	1.80397	0
oh4_21	Oh4	1.94	0.659	0	1.946597	0.7249702	0
oh4_22	Oh4	3.48	0.547	0	3.486597	0.6129702	0
oh4_23	Oh4	2.608	-1.426	0	2.614597	-1.36003	0
oh4_24	Oh4	3.687	-2.646	0	3.693597	-2.58003	0
oh4_25	Oh4	4.325	2.18	0	4.331597	2.24597	0
oh4_26	Oh4	5.128	-2.574	0	5.134597	-2.50803	0
oh4_27	Oh4	5.266	0.688	0	5.272597	0.7539703	0
oh4_28	Oh4	6.172	-1.116	0	6.178597	-1.05003	0
oh4_29	Oh4	7.112	-0.13	0	7.118597	-0.06402978	0
oh4_30	Oh4	8.645	1.029	0	8.651597	1.09497	0
oh4_31	Oh4	-6.667	0.193	0	-6.660403	0.2589702	0
oh5_0	Oh5	-7.777	0.093	0	-7.770403	0.1589702	0
oh5_1	Oh5	-5.908	1.914	0	-5.901403	1.97997	0
oh5_2	Oh5	-4.924	0.662	0	-4.917403	0.7279702	0
oh5_3	Oh5	-4.994	-0.558	0	-4.987403	-0.4920298	0
oh5_4	Oh5	-6.304	-1.698	0	-6.297403	-1.63203	0
oh5_5	Oh5	-5.13	2.614	0	-5.123403	2.67997	0
oh5_6	Oh5	-3.26	3.671	0	-3.253403	3.73697	0
oh5_7	Oh5	-3.213	1.282	0	-3.206403	1.34797	0
oh5_8	Oh5	-3.229	-1.175	0	-3.222403	-1.10903	0
oh5_9	Oh5	-4.784	-2.848	0	-4.777403	-2.78203	0
oh5_10	Oh5	-3.17	-2.781	0	-3.163403	-2.71503	0
oh5_11	Oh5	-0.598	3.104	0	-0.5914029	3.16997	0
oh5_12	Oh5	-1.437	2.135	0	-1.430403	2.20097	0
oh5_13	Oh5	0.758	2.11	0	0.7645971	2.17597	0
oh5_14	Oh5	-1.33	0.12	0	-1.323403	0.1859702	0
oh5_15	Oh5	0.15	-0.13	0	0.156597	-0.06402978	0
oh5_16	Oh5	-0.99	-1.94	0	-0.983403	-1.87403	0
oh5_17	Oh5	-1.463	-3.528	0	-1.456403	-3.46203	0
oh5_18	Oh5	0.593	-3.167	0	0.599597	-3.10103	0
oh5_19	Oh5	2.697	1.563	0	2.703597	1.62897	0
oh5_20	Oh5	3.987	1.077	0	3.993597	1.14297	0
oh5_21	Oh5	2.616	-0.32	0	2.622597	-0.2540298	0
oh5_22	Oh5	4.635	-1.779	0	4.641597	-1.71303	0
oh5_23	Oh5	5.47	0.464	0	5.476597	0.5299702	0
oh5_24	Oh5	5.858	-1.056	0	5.864597	-0.9900298	0
oh5_25	Oh5	7.104	-0.14	0	7.110597	-0.07402979	0
oh5_26	Oh5	8.641	0.996	0	8.647596	1.06197	0
oh5_27	Oh5	-6.413	-3.128	0	-6.406403	-3.06203	0
oh5_28	Oh5	1.485	3.352	0	1.491597	3.41797	0
oh5_29	Oh5	3.517	-3.456	0	3.523597	-3.39003	0
oh5_30	Oh5	2.75	-2.3	0	2.756597	-2.23403	0
oh5_31	Oh5	-6.721	0.23	0	-6.714403	0.2959702	0
oh6_0	Oh6	-7.711	0.116	0	-7.704403	0.1819702	0
oh6_1	Oh6	-5.599	1.823	0	-5.592403	1.88897	0
oh6_2	Oh6	-4.457	-0.013	0	-4.450403	0.05297021	0
oh6_3	Oh6	-5.947	-1.33	0	-5.940403	-1.26403	0
oh6_4	Oh6	-4.179	1.947	0	-4.172403	2.01297	0
oh6_5	Oh6	-2.786	0.547	0	-2.779403	0.6129702	0
oh6_6	Oh6	-2.786	-0.685	0	-2.779403	-0.6190298	0
oh6_7	Oh6	-4.604	-2.481	0	-4.597403	-2.41503	0
oh6_8	Oh6	-3.59	-2.95	0	-3.583403	-2.88403	0
oh6_9	Oh6	-4.613	-4.028	0	-4.606403	-3.96203	0
oh6_10	Oh6	-2.46	2.52	0	-2.453403	2.58597	0
oh6_11	Oh6	-1.19	1.5	0	-1.183403	1.56597	0
oh6_12	Oh6	-1.11	-0.19	0	-1.103403	-0.1240298	0
oh6_13	Oh6	0.23	-1.2	0	0.236597	-1.13403	0
oh6_14	Oh6	-1.46	-3.31	0	-1.453403	-3.24403	0
oh6_15	Oh6	0.27	-3.3	0	0.2765971	-3.23403	0
oh6_16	Oh6	-0.34	3	0	-0.333403	3.06597	0
oh6_17	Oh6	1.083	0.865	0	1.089597	0.9309702	0
oh6_18	Oh6	2.261	-0.626	0	2.267597	-0.5600297	0
oh6_19	Oh6	2.139	-2.792	0	2.145597	-2.72603	0
oh6_20	Oh6	1.961	2.819	0	1.967597	2.88497	0
oh6_21	Oh6	3.977	1.484	0	3.983597	1.54997	0
oh6_22	Oh6	3.839	0.188	0	3.845597	0.2539702	0
oh6_23	Oh6	4.091	-1.358	0	4.097597	-1.29203	0
oh6_24	Oh6	5.254	-2.18	0	5.260597	-2.11403	0
oh6_25	Oh6	5.499	1.412	0	5.505597	1.47797	0
oh6_26	Oh6	5.404	0.077	0	5.410597	0.1429702	0
oh6_27	Oh6	6.084	-1.231	0	6.090597	-1.16503	0
oh6_28	Oh6	7.103	-0.108	0	7.109597	-0.04202979	0
oh6_29	Oh6	8.635	0.999	0	8.641597	1.06497	0
oh6_30	Oh6	3.415	2.532	0	3.421597	2.59797	0
oh6_31	Oh6	4.363	-3.559	0	4.369597	-3.49303	0
oh6_32	Oh6	-6.569	0.21	0	-6.562403	0.2759702	0
oh7_0	Oh7	-7.811	0.092	0	-7.804403	0.1579702	0
oh7_1	Oh7	-6.132	1.787	0	-6.125403	1.85297	0
oh7_2	Oh7	-4.899	-0.081	0	-4.892403	-0.01502979	0
oh7_3	Oh7	-6.477	-1.562	0	-6.470403	-1.49603	0
oh7_4	Oh7	-3.467	3.361	0	-3.460403	3.42697	0
oh7_5	Oh7	-3.448	0.796	0	-3.441403	0.8619702	0
oh7_6	Oh7	-3.465	-1.182	0	-3.458403	-1.11603	0
oh7_7	Oh7	-3.095	-3.339	0	-3.088403	-3.27303	0
oh7_8	Oh7	-0.98	3.08	0	-0.973403	3.14597	0
oh7_9	Oh7	-2.51	1.87	0	-2.503403	1.93597	0
oh7_10	Oh7	-1.475	-0.712	0	-1.468403	-0.6460298	0
oh7_11	Oh7	-0.996	-2.944	0	-0.9894029	-2.87803	0
oh7_12	Oh7	0.653	3.892	0	0.659597	3.95797	0
oh7_13	Oh7	0.458	2.83	0	0.464597	2.89597	0
oh7_14	Oh7	-0.65	0.84	0	-0.6434029	0.9059702	0
oh7_15	Oh7	1.22	1.41	0	1.226597	1.47597	0
oh7_16	Oh7	0.2	-0.753	0	0.206597	-0.6870298	0
oh7_17	Oh7	0.468	-2.773	0	0.474597	-2.70703	0
oh7_18	Oh7	2.131	-2.677	0	2.137597	-2.61103	0
oh7_19	Oh7	1.42	-1.71	0	1.426597	-1.64403	0
oh7_20	Oh7	2.964	2.292	0	2.970597	2.35797	0
oh7_21	Oh7	2.267	-0.613	0	2.273597	-0.5470297	0
oh7_22	Oh7	5.148	1.884	0	5.154597	1.94997	0
oh7_23	Oh7	3.89	1.2	0	3.896597	1.26597	0
oh7_24	Oh7	4.2	-1.53	0	4.206597	-1.46403	0
oh7_25	Oh7	5.544	0.744	0	5.550597	0.8099703	0
oh7_26	Oh7	5.367	-0.921	0	5.373597	-0.8550298	0
oh7_27	Oh7	7.101	-0.221	0	7.107597	-0.1550298	0
oh7_28	Oh7	8.636	0.935	0	8.642596	1.00097	0
oh7_29	Oh7	-5.265	2.747	0	-5.258403	2.81297	0
oh7_30	Oh7	-5.64	-2.543	0	-5.633403	-2.47703	0
oh7_31	Oh7	-6.709	0.205	0	-6.702403	0.2709702	0
oh8_0	Oh8	-7.777	-0.056	0	-7.770403	0.00997021	0
oh8_1	Oh8	-5.625	1.457	0	-5.618403	1.52297	0
oh8_2	Oh8	-4.746	-0.374	0	-4.739403	-0.3080298	0
oh8_3	Oh8	-5.967	-1.686	0	-5.960403	-1.62003	0
oh8_4	Oh8	-4.53	2.677	0	-4.523403	2.74297	0
oh8_5	Oh8	-3.613	0.057	0	-3.606403	0.1229702	0
oh8_6	Oh8	-4.521	-2.343	0	-4.514403	-2.27703	0
oh8_7	Oh8	-2.755	3.385	0	-2.748403	3.45097	0
oh8_8	Oh8	-2.34	1.8	0	-2.333403	1.86597	0
oh8_9	Oh8	-1.46	-0.67	0	-1.453403	-0.6040298	0
oh8_10	Oh8	-2.882	-2.322	0	-2.875403	-2.25603	0
oh8_11	Oh8	-2.672	-3.808	0	-2.665403	-3.74203	0
oh8_12	Oh8	-0.62	2.423	0	-0.613403	2.48897	0
oh8_13	Oh8	-0.028	-0.928	0	-0.02140297	-0.8620298	0
oh8_14	Oh8	-0.397	-2.686	0	-0.390403	-2.62003	0
oh8_15	Oh8	1.511	3.238	0	1.517597	3.30397	0
oh8_16	Oh8	2.787	2.72	0	2.793597	2.78597	0
oh8_17	Oh8	1.201	1.307	0	1.207597	1.37297	0
oh8_18	Oh8	3.037	0.533	0	3.043597	0.5989702	0
oh8_19	Oh8	2.238	-0.34	0	2.244597	-0.2740298	0
oh8_20	Oh8	4.471	-1.145	0	4.477597	-1.07903	0
oh8_21	Oh8	1.89	-2.25	0	1.896597	-2.18403	0
oh8_22	Oh8	2.518	-3.513	0	2.524597	-3.44703	0
oh8_23	Oh8	5.812	-2.86	0	5.818597	-2.79403	0
oh8_24	Oh8	4.42	1.6	0	4.426597	1.66597	0
oh8_25	Oh8	3.854	-2.732	0	3.860597	-2.66603	0
oh8_26	Oh8	5.407	0.623	0	5.413597	0.6889702	0
oh8_27	Oh8	5.848	-0.891	0	5.854597	-0.8250297	0
oh8_28	Oh8	7.105	-0.148	0	7.111597	-0.08202979	0
oh8_29	Oh8	8.648	1.017	0	8.654596	1.08297	0
oh8_30	Oh8	0.373	0.869	0	0.379597	0.9349703	0
oh8_31	Oh8	-6.679	0.061	0	-6.672403	0.1269702	0
oh8_32	Oh8	-2.736	0.683	0	-2.729403	0.7489703	0
ol1_0	Ol1	-7.485	0.122	0	-7.478403	0.1879702	0
ol1_1	Ol1	-6.343	1.269	0	-6.336403	1.33497	0
ol1_2	Ol1	-5.398	0.203	0	-5.391403	0.2689702	0
ol1_3	Ol1	-6.133	-1.518	0	-6.126403	-1.45203	0
ol1_4	Ol1	-4.828	-2.169	0	-4.821403	-2.10303	0
ol1_5	Ol1	-4.18	2.49	0	-4.173403	2.55597	0
ol1_6	Ol1	-3.319	0.16	0	-3.312403	0.2259702	0
ol1_7	Ol1	-2.631	-2.634	0	-2.624403	-2.56803	0
ol1_8	Ol1	-2.081	3.112	0	-2.074403	3.17797	0
ol1_9	Ol1	-1.062	1.466	0	-1.055403	1.53197	0
ol1_10	Ol1	-1.808	0.121	0	-1.801403	0.1869702	0
ol1_11	Ol1	-0.917	-1.406	0	-0.910403	-1.34003	0
ol1_12	Ol1	-0.404	-3.778	0	-0.397403	-3.71203	0
ol1_13	Ol1	0.172	3.291	0	0.178597	3.35697	0
ol1_14	Ol1	1.685	3.553	0	1.691597	3.61897	0
ol1_15	Ol1	0.32	-0.426	0	0.326597	-0.3600298	0
ol1_16	Ol1	0.932	-3.267	0	0.938597	-3.20103	0
ol1_17	Ol1	3.454	2.598	0	3.460597	2.66397	0
ol1_18	Ol1	4.792	1.837	0	4.798597	1.90297	0
ol1_19	Ol1	2.44	0.053	0	2.446597	0.1189702	0
ol1_20	Ol1	4.105	0.053	0	4.111597	0.1189702	0
ol1_21	Ol1	2.769	-2.783	0	2.775597	-2.71703	0
ol1_22	Ol1	4.27	-1.764	0	4.276597	-1.69803	0
ol1_23	Ol1	5.637	0.941	0	5.643597	1.00697	0
ol1_24	Ol1	5.681	-0.821	0	5.687597	-0.7550298	0
ol1_25	Ol1	7.074	-0.114	0	7.080597	-0.04802979	0
ol1_26	Ol1	8.605	1.041	0	8.611596	1.10697	0
ol1_27	Ol1	1.835	1.518	0	1.841597	1.58397	0
ol1_28	Ol1	1.795	-1.265	0	1.801597	-1.19903	0
ol1_29	Ol1	5.164	-3.12	0	5.170597	-3.05403	0
ol1_30	Ol1	-5.933	-3.304	0	-5.926403	-3.23803	0
ol2_0	Ol2	-7.615	0.112	0	-7.608403	0.1779702	0
ol2_1	Ol2	-6.048	0.921	0	-6.041403	0.9869702	0
ol2_2	Ol2	-6.149	-0.821	0	-6.142403	-0.7550298	0
ol2_3	Ol2	-4.756	1.415	0	-4.749403	1.48097	0
ol2_4	Ol2	-4.567	-1.836	0	-4.560403	-1.77003	0
ol2_5	Ol2	-6.354	-2.369	0	-6.347403	-2.30303	0
ol2_6	Ol2	-3.24	3.143	0	-3.233403	3.20897	0
ol2_7	Ol2	-2.58	1.78	0	-2.573403	1.84597	0
ol2_8	Ol2	-3.52	0.55	0	-3.513403	0.6159703	0
ol2_9	Ol2	-3.16	-1.08	0	-3.153403	-1.01403	0
ol2_10	Ol2	-3.766	-2.637	0	-3.759403	-2.57103	0
ol2_11	Ol2	-0.682	2.631	0	-0.6754029	2.69697	0
ol2_12	Ol2	-1.06	-0.21	0	-1.053403	-0.1440298	0
ol2_13	Ol2	-1.02	-2.882	0	-1.013403	-2.81603	0
ol2_14	Ol2	1.118	2.681	0	1.124597	2.74697	0
ol2_15	Ol2	1.204	0.85	0	1.210597	0.9159702	0
ol2_16	Ol2	0.67	-1.43	0	0.6765971	-1.36403	0
ol2_17	Ol2	1.15	-3.21	0	1.156597	-3.14403	0
ol2_18	Ol2	2.67	1.89	0	2.676597	1.95597	0
ol2_19	Ol2	2.42	-2.08	0	2.426597	-2.01403	0
ol2_20	Ol2	3.17	-3.464	0	3.176597	-3.39803	0
ol2_21	Ol2	4.48	1.67	0	4.486597	1.73597	0
ol2_22	Ol2	3.667	0.042	0	3.673597	0.1079702	0
ol2_23	Ol2	4.933	-2.16	0	4.939597	-2.09403	0
ol2_24	Ol2	5.674	1.103	0	5.680597	1.16897	0
ol2_25	Ol2	5.228	0.045	0	5.234597	0.1109702	0
ol2_26	Ol2	7.059	-0.14	0	7.065597	-0.07402979	0
ol2_27	Ol2	8.609	1.049	0	8.615597	1.11497	0
ol2_28	Ol2	6.105	-1.299	0	6.111597	-1.23303	0
ol2_29	Ol2	3.74	-1.144	0	3.746597	-1.07803	0
ol2_30	Ol2	2.163	3.433	0	2.169597	3.49897	0
ol3_0	Ol3	-7.615	0.112	0	-7.608403	0.1779702	0
ol3_1	Ol3	-6.579	1.296	0	-6.572403	1.36197	0
ol3_2	Ol3	-5.064	0.054	0	-5.057403	0.1199702	0
ol3_3	Ol3	-6.248	-1.951	0	-6.241403	-1.88503	0
ol3_4	Ol3	-4.68	2.77	0	-4.673403	2.83597	0
ol3_5	Ol3	-3.37	0	0	-3.363403	0.06597021	0
ol3_6	Ol3	-4.08	-3.32	0	-4.073403	-3.25403	0
ol3_7	Ol3	-2.721	3.857	0	-2.714403	3.92297	0
ol3_8	Ol3	-2.455	2.7	0	-2.448403	2.76597	0
ol3_9	Ol3	-3.29	1.57	0	-3.283403	1.63597	0
ol3_10	Ol3	-1.99	0.03	0	-1.983403	0.09597021	0
ol3_11	Ol3	-2.561	-2.196	0	-2.554403	-2.13003	0
ol3_12	Ol3	-2.274	-3.541	0	-2.267403	-3.47503	0
ol3_13	Ol3	-0.521	3.591	0	-0.514403	3.65697	0
ol3_14	Ol3	-1.175	1.162	0	-1.168403	1.22797	0
ol3_15	Ol3	-1.026	-1.305	0	-1.019403	-1.23903	0
ol3_16	Ol3	-0.961	-3.809	0	-0.954403	-3.74303	0
ol3_17	Ol3	1.483	3.538	0	1.489597	3.60397	0
ol3_18	Ol3	0.748	2.514	0	0.7545971	2.57997	0
ol3_19	Ol3	0.416	1.033	0	0.4225971	1.09897	0
ol3_20	Ol3	0.55	-0.41	0	0.5565971	-0.3440298	0
ol3_21	Ol3	0.314	-2.054	0	0.3205971	-1.98803	0
ol3_22	Ol3	1.76	-2.35	0	1.766597	-2.28403	0
ol3_23	Ol3	2.805	2.617	0	2.811597	2.68297	0
ol3_24	Ol3	2.325	0.062	0	2.331597	0.1279702	0
ol3_25	Ol3	4.24	-2.38	0	4.246597	-2.31403	0
ol3_26	Ol3	4.42	1.59	0	4.426597	1.65597	0
ol3_27	Ol3	4.289	-0.428	0	4.295597	-0.3620298	0
ol3_28	Ol3	5.662	1.016	0	5.668597	1.08197	0
ol3_29	Ol3	5.777	-1.09	0	5.783597	-1.02403	0
ol3_30	Ol3	7.065	-0.145	0	7.071597	-0.07902978	0
ol3_31	Ol3	8.599	1.051	0	8.605597	1.11697	0
ol3_32	Ol3	2.739	-3.475	0	2.745597	-3.40903	0
ol3_33	Ol3	4.278	3.499	0	4.284597	3.56497	0
ol4_0	Ol4	-7.604	0.116	0	-7.597403	0.1819702	0
ol4_1	Ol4	-6.276	1.639	0	-6.269403	1.70497	0
ol4_2	Ol4	-5.788	0.259	0	-5.781403	0.3249702	0
ol4_3	Ol4	-6.333	-1.342	0	-6.326403	-1.27603	0
ol4_4	Ol4	-4.834	2.823	0	-4.827403	2.88897	0
ol4_5	Ol4	-3.644	0.473	0	-3.637403	0.5389702	0
ol4_6	Ol4	-4.507	-1.424	0	-4.500403	-1.35803	0
ol4_7	Ol4	-4.894	-2.878	0	-4.887403	-2.81203	0
ol4_8	Ol4	-2.967	2.852	0	-2.960403	2.91797	0
ol4_9	Ol4	-2.74	1.44	0	-2.733403	1.50597	0
ol4_10	Ol4	-1.808	-0.255	0	-1.801403	-0.1890298	0
ol4_11	Ol4	-2.804	-2.129	0	-2.797403	-2.06303	0
ol4_12	Ol4	-1.175	-2.479	0	-1.168403	-2.41303	0
ol4_13	Ol4	-0.963	2.421	0	-0.956403	2.48697	0
ol4_14	Ol4	-0.539	1.223	0	-0.5324029	1.28897	0
ol4_15	Ol4	0.354	-0.347	0	0.360597	-0.2810298	0
ol4_16	Ol4	1.18	-2.779	0	1.186597	-2.71303	0
ol4_17	Ol4	0.778	3.287	0	0.784597	3.35297	0
ol4_18	Ol4	2.578	3.273	0	2.584597	3.33897	0
ol4_19	Ol4	0.669	1.896	0	0.6755971	1.96197	0
ol4_20	Ol4	2.342	1.738	0	2.348597	1.80397	0
ol4_21	Ol4	1.94	0.659	0	1.946597	0.7249702	0
ol4_22	Ol4	3.48	0.547	0	3.486597	0.6129702	0
ol4_23	Ol4	2.608	-1.426	0	2.614597	-1.36003	0
ol4_24	Ol4	3.687	-2.646	0	3.693597	-2.58003	0
ol4_25	Ol4	4.325	2.18	0	4.331597	2.24597	0
ol4_26	Ol4	5.128	-2.574	0	5.134597	-2.50803	0
ol4_27	Ol4	5.266	0.688	0	5.272597	0.7539703	0
ol4_28	Ol4	6.172	-1.116	0	6.178597	-1.05003	0
ol4_29	Ol4	7.04	-0.143	0	7.046597	-0.07702979	0
ol4_30	Ol4	8.598	1.044	0	8.604596	1.10997	0
ol5_0	Ol5	-7.579	0.092	0	-7.572403	0.1579702	0
ol5_1	Ol5	-6.03	1.689	0	-6.023403	1.75497	0
ol5_2	Ol5	-5.193	0.476	0	-5.186403	0.5419703	0
ol5_3	Ol5	-5.382	-0.641	0	-5.375403	-0.5750297	0
ol5_4	Ol5	-6.318	-1.636	0	-6.311403	-1.57003	0
ol5_5	Ol5	-5.13	2.614	0	-5.123403	2.67997	0
ol5_6	Ol5	-3.26	3.671	0	-3.253403	3.73697	0
ol5_7	Ol5	-3.213	1.282	0	-3.206403	1.34797	0
ol5_8	Ol5	-3.229	-1.175	0	-3.222403	-1.10903	0
ol5_9	Ol5	-4.784	-2.848	0	-4.777403	-2.78203	0
ol5_10	Ol5	-3.17	-2.781	0	-3.163403	-2.71503	0
ol5_11	Ol5	-0.598	3.104	0	-0.5914029	3.16997	0
ol5_12	Ol5	-1.437	2.135	0	-1.430403	2.20097	0
ol5_13	Ol5	0.758	2.11	0	0.7645971	2.17597	0
ol5_14	Ol5	-1.33	0.12	0	-1.323403	0.1859702	0
ol5_15	Ol5	0.15	-0.13	0	0.156597	-0.06402978	0
ol5_16	Ol5	-0.99	-1.94	0	-0.983403	-1.87403	0
ol5_17	Ol5	-1.463	-3.528	0	-1.456403	-3.46203	0
ol5_18	Ol5	0.593	-3.167	0	0.599597	-3.10103	0
ol5_19	Ol5	2.697	1.563	0	2.703597	1.62897	0
ol5_20	Ol5	3.987	1.077	0	3.993597	1.14297	0
ol5_21	Ol5	2.616	-0.32	0	2.622597	-0.2540298	0
ol5_22	Ol5	4.635	-1.779	0	4.641597	-1.71303	0
ol5_23	Ol5	5.47	0.464	0	5.476597	0.5299702	0
ol5_24	Ol5	5.858	-1.056	0	5.864597	-0.9900298	0
ol5_25	Ol5	7.089	-0.159	0	7.095597	-0.09302978	0
ol5_26	Ol5	8.587	1.045	0	8.593596	1.11097	0
ol5_27	Ol5	-6.413	-3.128	0	-6.406403	-3.06203	0
ol5_28	Ol5	1.485	3.352	0	1.491597	3.41797	0
ol5_29	Ol5	3.523	-3.449	0	3.529597	-3.38303	0
ol5_30	Ol5	2.75	-2.3	0	2.756597	-2.23403	0
ol6_0	Ol6	-7.545	0.119	0	-7.538403	0.1849702	0
ol6_1	Ol6	-5.942	1.449	0	-5.935403	1.51497	0
ol6_2	Ol6	-4.866	0.125	0	-4.859403	0.1909702	0
ol6_3	Ol6	-6.214	-1.316	0	-6.207403	-1.25003	0
ol6_4	Ol6	-4.472	1.61	0	-4.465403	1.67597	0
ol6_5	Ol6	-2.786	0.547	0	-2.779403	0.6129702	0
ol6_6	Ol6	-2.786	-0.685	0	-2.779403	-0.6190298	0
ol6_7	Ol6	-4.604	-2.481	0	-4.597403	-2.41503	0
ol6_8	Ol6	-3.59	-2.95	0	-3.583403	-2.88403	0
ol6_9	Ol6	-4.613	-4.028	0	-4.606403	-3.96203	0
ol6_10	Ol6	-2.46	2.52	0	-2.453403	2.58597	0
ol6_11	Ol6	-1.19	1.5	0	-1.183403	1.56597	0
ol6_12	Ol6	-1.11	-0.19	0	-1.103403	-0.1240298	0
ol6_13	Ol6	0.23	-1.2	0	0.236597	-1.13403	0
ol6_14	Ol6	-1.46	-3.31	0	-1.453403	-3.24403	0
ol6_15	Ol6	0.27	-3.3	0	0.2765971	-3.23403	0
ol6_16	Ol6	-0.34	3	0	-0.333403	3.06597	0
ol6_17	Ol6	1.083	0.865	0	1.089597	0.9309702	0
ol6_18	Ol6	2.261	-0.626	0	2.267597	-0.5600297	0
ol6_19	Ol6	2.139	-2.792	0	2.145597	-2.72603	0
ol6_20	Ol6	1.961	2.819	0	1.967597	2.88497	0
ol6_21	Ol6	3.977	1.484	0	3.983597	1.54997	0
ol6_22	Ol6	3.839	0.188	0	3.845597	0.2539702	0
ol6_23	Ol6	4.091	-1.358	0	4.097597	-1.29203	0
ol6_24	Ol6	5.254	-2.18	0	5.260597	-2.11403	0
ol6_25	Ol6	5.499	1.412	0	5.505597	1.47797	0
ol6_26	Ol6	5.404	0.077	0	5.410597	0.1429702	0
ol6_27	Ol6	6.084	-1.231	0	6.090597	-1.16503	0
ol6_28	Ol6	7.098	-0.173	0	7.104597	-0.1070298	0
ol6_29	Ol6	8.647	1.028	0	8.653597	1.09397	0
ol6_30	Ol6	3.415	2.532	0	3.421597	2.59797	0
ol6_31	Ol6	4.363	-3.559	0	4.369597	-3.49303	0
ol7_0	Ol7	-7.593	0.097	0	-7.586403	0.1629702	0
ol7_1	Ol7	-6.358	1.597	0	-6.351403	1.66297	0
ol7_2	Ol7	-5.199	-0.194	0	-5.192403	-0.1280298	0
ol7_3	Ol7	-6.472	-1.557	0	-6.465403	-1.49103	0
ol7_4	Ol7	-3.467	3.361	0	-3.460403	3.42697	0
ol7_5	Ol7	-3.803	0.674	0	-3.796403	0.7399702	0
ol7_6	Ol7	-3.875	-1.28	0	-3.868403	-1.21403	0
ol7_7	Ol7	-3.095	-3.339	0	-3.088403	-3.27303	0
ol7_8	Ol7	-0.98	3.08	0	-0.973403	3.14597	0
ol7_9	Ol7	-2.51	1.87	0	-2.503403	1.93597	0
ol7_10	Ol7	-1.475	-0.712	0	-1.468403	-0.6460298	0
ol7_11	Ol7	-0.996	-2.944	0	-0.9894029	-2.87803	0
ol7_12	Ol7	0.653	3.892	0	0.659597	3.95797	0
ol7_13	Ol7	0.458	2.83	0	0.464597	2.89597	0
ol7_14	Ol7	-0.65	0.84	0	-0.6434029	0.9059702	0
ol7_15	Ol7	1.22	1.41	0	1.226597	1.47597	0
ol7_16	Ol7	0.2	-0.753	0	0.206597	-0.6870298	0
ol7_17	Ol7	0.468	-2.773	0	0.474597	-2.70703	0
ol7_18	Ol7	2.131	-2.677	0	2.137597	-2.61103	0
ol7_19	Ol7	1.42	-1.71	0	1.426597	-1.64403	0
ol7_20	Ol7	2.964	2.292	0	2.970597	2.35797	0
ol7_21	Ol7	2.267	-0.613	0	2.273597	-0.5470297	0
ol7_22	Ol7	5.148	1.884	0	5.154597	1.94997	0
ol7_23	Ol7	3.89	1.2	0	3.896597	1.26597	0
ol7_24	Ol7	4.2	-1.53	0	4.206597	-1.46403	0
ol7_25	Ol7	5.544	0.744	0	5.550597	0.8099703	0
ol7_26	Ol7	5.367	-0.921	0	5.373597	-0.8550298	0
ol7_27	Ol7	7.036	-0.13	0	7.042597	-0.06402978	0
ol7_28	Ol7	8.59	1.052	0	8.596597	1.11797	0
ol7_29	Ol7	-5.495	2.527	0	-5.488403	2.59297	0
ol7_30	Ol7	-5.64	-2.543	0	-5.633403	-2.47703	0
ol8_0	Ol8	-7.615	0.1	0	-7.608403	0.1659702	0
ol8_1	Ol8	-6.044	1.568	0	-6.037403	1.63397	0
ol8_2	Ol8	-5.369	-0.089	0	-5.362403	-0.02302979	0
ol8_3	Ol8	-6.188	-1.5	0	-6.181403	-1.43403	0
ol8_4	Ol8	-4.53	2.677	0	-4.523403	2.74297	0
ol8_5	Ol8	-3.681	0.019	0	-3.674403	0.08497021	0
ol8_6	Ol8	-4.521	-2.343	0	-4.514403	-2.27703	0
ol8_7	Ol8	-2.755	3.385	0	-2.748403	3.45097	0
ol8_8	Ol8	-2.34	1.8	0	-2.333403	1.86597	0
ol8_9	Ol8	-1.46	-0.67	0	-1.453403	-0.6040298	0
ol8_10	Ol8	-2.882	-2.322	0	-2.875403	-2.25603	0
ol8_11	Ol8	-2.672	-3.808	0	-2.665403	-3.74203	0
ol8_12	Ol8	-0.62	2.423	0	-0.613403	2.48897	0
ol8_13	Ol8	-0.028	-0.928	0	-0.02140297	-0.8620298	0
ol8_14	Ol8	-0.397	-2.686	0	-0.390403	-2.62003	0
ol8_15	Ol8	1.511	3.238	0	1.517597	3.30397	0
ol8_16	Ol8	2.787	2.72	0	2.793597	2.78597	0
ol8_17	Ol8	1.201	1.307	0	1.207597	1.37297	0
ol8_18	Ol8	3.037	0.533	0	3.043597	0.5989702	0
ol8_19	Ol8	2.238	-0.34	0	2.244597	-0.2740298	0
ol8_20	Ol8	4.471	-1.145	0	4.477597	-1.07903	0
ol8_21	Ol8	1.89	-2.25	0	1.896597	-2.18403	0
ol8_22	Ol8	2.518	-3.513	0	2.524597	-3.44703	0
ol8_23	Ol8	5.812	-2.86	0	5.818597	-2.79403	0
ol8_24	Ol8	4.42	1.6	0	4.426597	1.66597	0
ol8_25	Ol8	3.854	-2.732	0	3.860597	-2.66603	0
ol8_26	Ol8	5.407	0.623	0	5.413597	0.6889702	0
ol8_27	Ol8	5.848	-0.891	0	5.854597	-0.8250297	0
ol8_28	Ol8	7.066	-0.166	0	7.072597	-0.1000298	0
ol8_29	Ol8	8.642	1.042	0	8.648597	1.10797	0
ol8_30	Ol8	0.372	0.856	0	0.3785971	0.9219702	0
ol8_31	Ol8	-2.873	0.642	0	-2.866403	0.7079703	0
secta_0	Sectarium	-1.89	0.78	0	-1.89	0.78	0
secta_1	Sectarium	-0.791	0.22	0	-0.791	0.22	0
secta_2	Sectarium	1.186	-0.028	0	1.186	-0.028	0
secta_3	Sectarium	0.018	-1.187	0	0.018	-1.187	0
secta_4	Sectarium	1.853	-1.928	0	1.853	-1.928	0
secta_5	Sectarium	3.966	-1.094	0	3.966	-1.094	0
secta_6	Sectarium	2.89	0.28	0	2.89	0.28	0
secta_7	Sectarium	4.835	0.125	0	4.835	0.125	0
secta_8	Sectarium	4.48	-2.04	0	4.48	-2.04	0
spider_0	Spiderlair	-2.842	-0.183	0	-2.842	-0.183	0
spider_1	Spiderlair	-3.403	-1.032	0	-3.403	-1.032	0
spider_2	Spiderlair	-1.584	0.544	0	-1.584	0.544	0
spider_3	Spiderlair	-1.444	-0.704	0	-1.444	-0.704	0
spider_4	Spiderlair	0.672	-0.162	0	0.672	-0.162	0
spider_5	Spiderlair	-0.211	1.411	0	-0.211	1.411	0
spider_6	Spiderlair	2.16	0.576	0	2.16	0.576	0
spider_7	Spiderlair	2.815	-1.374	0	2.815	-1.374	0
spider_8	Spiderlair	4.865	0.99	0	4.865	0.99	0
spider_9	Spiderlair	3.99	2.548	0	3.99	2.548	0
velka_0	Velkarath	-7.807	-2.28	0	-7.807	-2.28	0
velka_1	Velkarath	-6.392	-3.43	0	-6.392	-3.43	0
velka_2	Velkarath	-6.162	-1.65	0	-6.162	-1.65	0
velka_3	Velkarath	-4.833	-2.1	0	-4.833	-2.1	0
velka_4	Velkarath	-3.761	-3.55	0	-3.761	-3.55	0
velka_5	Velkarath	-5.857	0.03	0	-5.857	0.03	0
velka_6	Velkarath	-3.971	0.112	0	-3.971	0.112	0
velka_7	Velkarath	-2.774	-1.685	0	-2.774	-1.685	0
velka_8	Velkarath	-1.562	-3.39	0	-1.562	-3.39	0
velka_9	Velkarath	-2.013	0.019	0	-2.013	0.019	0
velka_10	Velkarath	-0.427	-2.227	0	-0.427	-2.227	0
velka_11	Velkarath	0.062	-3.4	0	0.062	-3.4	0
velka_12	Velkarath	-5.027	1.56	0	-5.027	1.56	0
velka_13	Velkarath	-2.912	1.52	0	-2.912	1.52	0
velka_14	Velkarath	-2.052	3.503	0	-2.052	3.503	0
velka_15	Velkarath	0.811	3.8	0	0.811	3.8	0
velka_16	Velkarath	-0.454	1.72	0	-0.454	1.72	0
velka_17	Velkarath	0.967	0.66	0	0.967	0.66	0
velka_18	Velkarath	0.181	-0.709	0	0.181	-0.709	0
velka_19	Velkarath	3.229	-0.912	0	3.229	-0.912	0
velka_20	Velkarath	2.173	-2.35	0	2.173	-2.35	0
velka_21	Velkarath	2.532	-3.575	0	2.532	-3.575	0
velka_22	Velkarath	4.341	-0.757	0	4.341	-0.757	0
velka_23	Velkarath	5.223	-2.974	0	5.223	-2.974	0
velka_24	Velkarath	5.99	-1.28	0	5.99	-1.28	0
velka_25	Velkarath	7.616	-2.15	0	7.616	-2.15	0
velka_26	Velkarath	7.479	0.156	0	7.479	0.156	0
velka_27	Velkarath	3.772	3.98	0	3.772	3.98	0
velka_28	Velkarath	7.14	3.391	0	7.14	3.391	0
velka_29	Velkarath	6.634	1.71	0	6.634	1.71	0
velka_30	Velkarath	5.744	0.85	0	5.744	0.85	0
velka_31	Velkarath	4.92	1.65	0	4.92	1.65	0
velka_32	Velkarath	3.94	2.28	0	3.94	2.28	0
velka_33	Velkarath	2.771	2.58	0	2.771	2.58	0
velka_34	Velkarath	3.991	-2.859	0	3.991	-2.859	0
velka_35	Velkarath	-1.59	-1.274	0	-1.59	-1.274	0
velka_36	Velkarath	-1.014	-0.43	0	-1.014	-0.43	0
velka_37	Velkarath	8.666	-0.898	0	8.666	-0.898	0
velka_38	Velkarath	5.828	2.988	0	5.828	2.988	0
velka_39	Velkarath	-1.841	2.971	0	-1.841	2.971	0
velka_40	Velkarath	4.41	-3.77	0	4.41	-3.77	0
velka_41	Velkarath	2.163	-0.367	0	2.163	-0.367	0
velka_42	Velkarath	0.582	2.833	0	0.582	2.833	0
voidhigh_0	Voidhigh	5.934	0.041	0	5.940597	0.1069702	0
voidhigh_1	Voidhigh	4.332	1.288	0	4.338597	1.35397	0
voidhigh_2	Voidhigh	4.013	-1.298	0	4.019597	-1.23203	0
voidhigh_3	Voidhigh	3.147	1.854	0	3.153597	1.91997	0
voidhigh_4	Voidhigh	3.177	-2.221	0	3.183597	-2.15503	0
voidhigh_5	Voidhigh	0.513	3.593	0	0.5195971	3.65897	0
voidhigh_6	Voidhigh	0.524	-3.211	0	0.530597	-3.14503	0
voidhigh_7	Voidhigh	-1.724	2.674	0	-1.717403	2.73997	0
voidhigh_8	Voidhigh	-1.88	-2.921	0	-1.873403	-2.85503	0
voidhigh_9	Voidhigh	-3.647	1.373	0	-3.640403	1.43897	0
voidhigh_10	Voidhigh	-3.641	-1.771	0	-3.634403	-1.70503	0
voidhigh_11	Voidhigh	-1.92	0.532	0	-1.913403	0.5979702	0
voidhigh_12	Voidhigh	-1.941	-0.969	0	-1.934403	-0.9030298	0
voidhigh_13	Voidhigh	0.159	-0.034	0	0.165597	0.03197021	0
voidhigh_14	Voidhigh	5.22	-3.33	0	5.226597	-3.26403	0
voidhigh_15	Voidhigh	-4.54	2.97	0	-4.533403	3.03597	0
voidlow_0	Voidlow	-7.86	-1.721	0	-7.853403	-1.65503	0
voidlow_1	Voidlow	-6.613	0.175	0	-6.606403	0.2409702	0
voidlow_2	Voidlow	-4.776	1.271	0	-4.769403	1.33697	0
voidlow_3	Voidlow	-5.257	-1.204	0	-5.250403	-1.13803	0
voidlow_4	Voidlow	-2.76	2.438	0	-2.753403	2.50397	0
voidlow_5	Voidlow	-3.65	0.08	0	-3.643403	0.1459702	0
voidlow_6	Voidlow	-1.73	0.803	0	-1.723403	0.8689702	0
voidlow_7	Voidlow	-1.73	-0.424	0	-1.723403	-0.3580298	0
voidlow_8	Voidlow	-3.471	-2.44	0	-3.464403	-2.37403	0
voidlow_9	Voidlow	-1.303	2.713	0	-1.296403	2.77897	0
voidlow_10	Voidlow	-0.088	1.621	0	-0.08140296	1.68697	0
voidlow_11	Voidlow	0.415	0.125	0	0.421597	0.1909702	0
voidlow_12	Voidlow	-0.211	-1.589	0	-0.204403	-1.52303	0
voidlow_13	Voidlow	-1.918	-2.713	0	-1.911403	-2.64703	0
voidlow_14	Voidlow	0.878	3.241	0	0.8845971	3.30697	0
voidlow_15	Voidlow	3.188	1.46	0	3.194597	1.52597	0
voidlow_16	Voidlow	2.158	0.14	0	2.164597	0.2059702	0
voidlow_17	Voidlow	3.58	-1.02	0	3.586597	-0.9540298	0
voidlow_18	Voidlow	0.701	-3.648	0	0.707597	-3.58203	0
voidlow_19	Voidlow	2.842	2.66	0	2.848597	2.72597	0
voidlow_20	Voidlow	3.129	-2.81	0	3.135597	-2.74403	0
voidlow_21	Voidlow	5.162	2.626	0	5.168597	2.69197	0
voidlow_22	Voidlow	4.748	0.726	0	4.754597	0.7919703	0
voidlow_23	Voidlow	5.115	-0.988	0	5.121597	-0.9220297	0
voidlow_24	Voidlow	4.97	-2.691	0	4.976597	-2.62503	0
voidlow_25	Voidlow	7.093	-0.505	0	7.099597	-0.4390298	0
voidlow_26	Voidlow	8.705	0.716	0	8.711596	0.7819703	0
voidlow_27	Voidlow	1.47	1.55	0	1.476597	1.61597	0
voidlow_28	Voidlow	1.375	-1.397	0	1.381597	-1.33103	0
faen_0	Faeborg	-8.022	-3.429	0	-8.022	-3.429	0
faen_1	Faeborg	-5.539	-3.608	0	-5.539	-3.608	0
faen_2	Faeborg	-6.414	-1.434	0	-6.414	-1.434	0
faen_3	Faeborg	-4.437	-2.165	0	-4.437	-2.165	0
faen_4	Faeborg	-3.878	-3.602	0	-3.878	-3.602	0
faen_5	Faeborg	-5.725	0.379	0	-5.725	0.379	0
faen_6	Faeborg	-3.749	-0.786	0	-3.749	-0.786	0
faen_7	Faeborg	-2.784	-2.158	0	-2.784	-2.158	0
faen_8	Faeborg	-1.486	-2.995	0	-1.486	-2.995	0
faen_9	Faeborg	0.57	-4.137	0	0.57	-4.137	0
faen_10	Faeborg	-6.032	1.986	0	-6.032	1.986	0
faen_11	Faeborg	-4.559	1.805	0	-4.559	1.805	0
faen_12	Faeborg	-2.484	0.658	0	-2.484	0.658	0
faen_13	Faeborg	-1.651	-0.836	0	-1.651	-0.836	0
faen_14	Faeborg	-0.055	-2.261	0	-0.055	-2.261	0
faen_15	Faeborg	-3.426	3.561	0	-3.426	3.561	0
faen_16	Faeborg	-2.302	2.008	0	-2.302	2.008	0
faen_17	Faeborg	-0.425	0.901	0	-0.425	0.901	0
faen_18	Faeborg	0.078	-0.872	0	0.078	-0.872	0
faen_19	Faeborg	1.492	-2.488	0	1.492	-2.488	0
faen_20	Faeborg	3.008	-3.933	0	3.008	-3.933	0
faen_21	Faeborg	-0.123	2.618	0	-0.123	2.618	0
faen_22	Faeborg	1.051	1.967	0	1.051	1.967	0
faen_23	Faeborg	1.433	0.435	0	1.433	0.435	0
faen_24	Faeborg	1.372	-1.221	0	1.372	-1.221	0
faen_25	Faeborg	5.051	-3.972	0	5.051	-3.972	0
faen_26	Faeborg	5.913	-2.982	0	5.913	-2.982	0
faen_27	Faeborg	7.207	-3.629	0	7.207	-3.629	0
faen_28	Faeborg	7.373	-2.261	0	7.373	-2.261	0
faen_29	Faeborg	2.239	2.372	0	2.239	2.372	0
faen_30	Faeborg	3.43	2.078	0	3.43	2.078	0
faen_31	Faeborg	3.198	0.225	0	3.198	0.225	0
faen_32	Faeborg	4.531	-1.482	0	4.531	-1.482	0
faen_33	Faeborg	4.533	0.915	0	4.533	0.915	0
faen_34	Faeborg	6.968	-0.812	0	6.968	-0.812	0
faen_35	Faeborg	6.871	0.35	0	6.871	0.35	0
faen_36	Faeborg	5.912	1.17	0	5.912	1.17	0
faen_37	Faeborg	4.961	1.834	0	4.961	1.834	0
faen_38	Faeborg	5.473	2.806	0	5.473	2.806	0
faen_39	Faeborg	7.028	2.494	0	7.028	2.494	0
faen_40	Faeborg	5.952	-1.164	0	5.952	-1.164	0
faen_41	Faeborg	-1.45	3.59	0	-1.45	3.59	0
faen_42	Faeborg	8.594	-2.878	0	8.594	-2.878	0
faen_43	Faeborg	7.913	-0.06	0	7.913	-0.06	0
faen_44	Faeborg	3.563	-2.6	0	3.563	-2.6	0
forge_0	Blackforge	-2.72	-0.692	0	-2.72	-0.692	0
forge_1	Blackforge	-0.369	-0.729	0	-0.369	-0.729	0
forge_2	Blackforge	-0.286	-1.749	0	-0.286	-1.749	0
forge_3	Blackforge	2.259	-0.88	0	2.259	-0.88	0
forge_4	Blackforge	1.795	-2.426	0	1.795	-2.426	0
forge_5	Blackforge	4.756	0.093	0	4.756	0.093	0
forge_6	Blackforge	3.206	1.801	0	3.206	1.801	0
forge_7	Blackforge	4.347	2.821	0	4.347	2.821	0
forge_8	Blackforge	4.822	-1.988	0	4.822	-1.988	0
forge_9	Blackforge	-1.2	0.186	0	-1.2	0.186	0
sewers_0	Frozensewers	-3.593	-0.674	0	-3.593	-0.674	0
sewers_1	Frozensewers	0.612	-2.329	0	0.612	-2.329	0
sewers_2	Frozensewers	1.445	-1.59	0	1.445	-1.59	0
sewers_3	Frozensewers	-2.546	-0.078	0	-2.546	-0.078	0
sewers_4	Frozensewers	-2.137	1.058	0	-2.137	1.058	0
sewers_5	Frozensewers	-1.135	-0.728	0	-1.135	-0.728	0
sewers_6	Frozensewers	0.742	0.337	0	0.742	0.337	0
sewers_7	Frozensewers	1.492	2.218	0	1.492	2.218	0
sewers_8	Frozensewers	3.564	1.564	0	3.564	1.564	0
sewers_9	Frozensewers	4.321	1.757	0	4.321	1.757	0
sewers_10	Frozensewers	1.679	-0.661	0	1.679	-0.661	0
sewers_11	Frozensewers	3.631	-1.551	0	3.631	-1.551	0
sewers_12	Frozensewers	4.746	0.437	0	4.746	0.437	0
sewers_13	Frozensewers	0.427	-0.431	0	0.427	-0.431	0
wolf_0	Wolfwars	-4.717	0.561	0	-5.017	-0.539	0
wolf_1	Wolfwars	-3.32	0.494	0	-3.62	-0.6060001	0
wolf_2	Wolfwars	-1.254	2.116	0	-1.554	1.016	0
wolf_3	Wolfwars	-1.193	-0.663	0	-1.493	-1.763	0
wolf_4	Wolfwars	0.314	3.169	0	0.014	2.069	0
wolf_5	Wolfwars	0.216	0.44	0	-0.08400001	-0.66	0
wolf_6	Wolfwars	0.284	-1.955	0	-0.016	-3.055	0
wolf_7	Wolfwars	2.567	3.032	0	2.267	1.932	0
wolf_8	Wolfwars	2.232	0.488	0	1.932	-0.612	0
wolf_9	Wolfwars	2.973	-1.612	0	2.673	-2.712	0
wolf_10	Wolfwars	4.418	2.51	0	4.118	1.41	0
wolf_11	Wolfwars	3.418	1.118	0	3.118	0.01800001	0
wolf_12	Wolfwars	4.312	0.359	0	4.012	-0.7410001	0
wolf_13	Wolfwars	5.964	-1.067	0	5.664	-2.167	0
wolf_14	Wolfwars	5.648	0.942	0	5.348	-0.1580001	0
wolf_15	Wolfwars	7.102	1.978	0	6.802	0.878	0
wolf_16	Wolfwars	6.916	3.242	0	6.616	2.142	0
ulmin_0	Ulminin	-7.972	-1.069	0	-7.972	-1.069	0
ulmin_1	Ulminin	-6.61	-0.033	0	-6.61	-0.033	0
ulmin_2	Ulminin	-5.45	1.79	0	-5.45	1.79	0
ulmin_3	Ulminin	-5.113	-0.173	0	-5.113	-0.173	0
ulmin_4	Ulminin	-5.67	-1.82	0	-5.67	-1.82	0
ulmin_5	Ulminin	-3.999	3.089	0	-3.999	3.089	0
ulmin_6	Ulminin	-4.01	1.4	0	-4.01	1.4	0
ulmin_7	Ulminin	-3.57	-0.01	0	-3.57	-0.01	0
ulmin_8	Ulminin	-4.09	-1.32	0	-4.09	-1.32	0
ulmin_9	Ulminin	-4.743	-3.183	0	-4.743	-3.183	0
ulmin_10	Ulminin	-2.52	2.78	0	-2.52	2.78	0
ulmin_11	Ulminin	-2.17	1.25	0	-2.17	1.25	0
ulmin_12	Ulminin	-1.27	0.797	0	-1.27	0.797	0
ulmin_13	Ulminin	-2.7	-0.35	0	-2.7	-0.35	0
ulmin_14	Ulminin	-1.77	-1.1	0	-1.77	-1.1	0
ulmin_15	Ulminin	-2.04	-2.1	0	-2.04	-2.1	0
ulmin_16	Ulminin	-2.85	-3.48	0	-2.85	-3.48	0
ulmin_17	Ulminin	-1.316	3.536	0	-1.316	3.536	0
ulmin_18	Ulminin	-0.624	2.008	0	-0.624	2.008	0
ulmin_19	Ulminin	0.108	0.811	0	0.108	0.811	0
ulmin_20	Ulminin	-0.617	-0.789	0	-0.617	-0.789	0
ulmin_21	Ulminin	0.028	-1.77	0	0.028	-1.77	0
ulmin_22	Ulminin	0.447	-3.757	0	0.447	-3.757	0
ulmin_23	Ulminin	0.91	2.09	0	0.91	2.09	0
ulmin_24	Ulminin	1.69	0.343	0	1.69	0.343	0
ulmin_25	Ulminin	1.813	-2.066	0	1.813	-2.066	0
ulmin_26	Ulminin	3.112	-3.604	0	3.112	-3.604	0
ulmin_27	Ulminin	3.68	3.147	0	3.68	3.147	0
ulmin_28	Ulminin	2.831	1.686	0	2.831	1.686	0
ulmin_29	Ulminin	3.185	-0.887	0	3.185	-0.887	0
ulmin_30	Ulminin	4.471	-1.951	0	4.471	-1.951	0
ulmin_31	Ulminin	5.287	-2.875	0	5.287	-2.875	0
ulmin_32	Ulminin	5.088	3.29	0	5.088	3.29	0
ulmin_33	Ulminin	4.711	2.016	0	4.711	2.016	0
ulmin_34	Ulminin	5.648	-0.688	0	5.648	-0.688	0
ulmin_35	Ulminin	6.525	3.26	0	6.525	3.26	0
ulmin_36	Ulminin	7.996	2.669	0	7.996	2.669	0
ulmin_37	Ulminin	7.236	0.491	0	7.236	0.491	0
ulmin_38	Ulminin	4.458	0.432	0	4.458	0.432	0
ulmin_39	Ulminin	4.834	0.509	0	4.834	0.509	0
ulmin_40	Ulminin	6.49	2.23	0	6.49	2.23	0
ulmin_41	Ulminin	0.364	3.466	0	0.364	3.466	0
ulmin_42	Ulminin	0.772	0.417	0	0.772	0.417	0
ulmin_43	Ulminin	1.756	2.978	0	1.756	2.978	0
ulmin_44	Ulminin	1.668	1.606	0	1.668	1.606	0
ulmin_45	Ulminin	1.775	-0.121	0	1.775	-0.121	0
ulmin_46	Ulminin	3.172	2.281	0	3.172	2.281	0
ulmin_47	Ulminin	2.555	1.182	0	2.555	1.182	0
ulmin_48	Ulminin	3.499	-0.893	0	3.499	-0.893	0
ulmin_49	Ulminin	5.921	-1.443	0	5.921	-1.443	0
ulmin_50	Ulminin	4.209	3.563	0	4.209	3.563	0
ulmin_51	Ulminin	3.615	1.159	0	3.615	1.159	0
ulmin_52	Ulminin	4.105	-0.255	0	4.105	-0.255	0
ulmin_53	Ulminin	6.633	-0.549	0	6.633	-0.549	0
ulmin_54	Ulminin	4.559	2.309	0	4.559	2.309	0
ulmin_55	Ulminin	7.325	0.869	0	7.325	0.869	0
ulmin_56	Ulminin	5.792	1.66	0	5.792	1.66	0
ulmin_57	Ulminin	5.378	3.171	0	5.378	3.171	0
ulmin_58	Ulminin	8.07	1.939	0	8.07	1.939	0
ulmin_59	Ulminin	3.037	0.629	0	3.037	0.629	0
ulmin_60	Ulminin	4.612	4.095	0	4.612	4.095	0
ulmin_61	Ulminin	1.14	-0.55	0	1.14	-0.55	0
pyr_0	Pyramid	-2.536	-2.625	0	-2.536	-2.625	0
pyr_1	Pyramid	-1.05	-1.426	0	-1.05	-1.426	0
pyr_2	Pyramid	-0.02	-0.735	0	-0.02	-0.735	0
pyr_3	Pyramid	-0.352	1.852	0	-0.352	1.852	0
pyr_4	Pyramid	1.641	2.883	0	1.641	2.883	0
pyr_5	Pyramid	2.986	-0.53	0	2.986	-0.53	0
pyr_6	Pyramid	4.891	1.028	0	4.891	1.028	0
pyr_7	Pyramid	2.386	1.508	0	2.386	1.508	0
pyr_8	Pyramid	1.121	0.988	0	1.121	0.988	0
pyr_9	Pyramid	-2.597	-0.195	0	-2.597	-0.195	0
pyr_10	Pyramid	0.37	-2.55	0	0.37	-2.55	0
pyr_11	Pyramid	-4.087	-1.071	0	-4.087	-1.071	0
pyr_12	Pyramid	3.394	2.097	0	3.394	2.097	0
upri_0	Uprising	-4.937	-3.827	0	-4.937	-3.827	0
upri_1	Uprising	-2.413	-4.131	0	-2.413	-4.131	0
upri_2	Uprising	1.4	-2.94	0	1.4	-2.94	0
upri_3	Uprising	-1.29	-0.99	0	-1.29	-0.99	0
upri_4	Uprising	1.13	1.04	0	1.13	1.04	0
upri_5	Uprising	4.574	-2.56	0	4.574	-2.56	0
upri_6	Uprising	4.903	0.057	0	4.903	0.057	0
upri_7	Uprising	4.977	2.027	0	4.977	2.027	0
upri_8	Uprising	3.015	2.953	0	3.015	2.953	0
upri_9	Uprising	0.484	2.726	0	0.484	2.726	0
upri_10	Uprising	4.885	-0.415	0	4.885	-0.415	0
upri_11	Uprising	2.064	-1.088	0	2.064	-1.088	0
upri_12	Uprising	-0.65	-0.23	0	-0.65	-0.23	0
upri_13	Uprising	0.73	1.119	0	0.73	1.119	0
upri_14	Uprising	3.428	2.062	0	3.428	2.062	0
upri_15	Uprising	5.942	3.48	0	5.942	3.48	0
sahti_0	Sahti	-7.773	-0.826	0	-7.773	-0.826	0
sahti_1	Sahti	-6.623	0.005	0	-6.623	0.005	0
sahti_2	Sahti	-6.82	2.178	0	-6.82	2.178	0
sahti_3	Sahti	-5.695	-0.535	0	-5.695	-0.535	0
sahti_4	Sahti	-6.18	-2.25	0	-6.18	-2.25	0
sahti_5	Sahti	-5.22	1.89	0	-5.22	1.89	0
sahti_6	Sahti	-4.74	0.21	0	-4.74	0.21	0
sahti_7	Sahti	-4.7	-1.6	0	-4.7	-1.6	0
sahti_69	Sahti	-4.7	-1.6	0	-4.7	-1.6	0
sahti_8	Sahti	-4.99	-3.11	0	-4.99	-3.11	0
sahti_9	Sahti	-3.966	3.237	0	-3.966	3.237	0
sahti_10	Sahti	-3.307	1.388	0	-3.307	1.388	0
sahti_11	Sahti	-2.995	-0.534	0	-2.995	-0.534	0
sahti_12	Sahti	-3.022	-1.935	0	-3.022	-1.935	0
sahti_13	Sahti	-3.106	-3.604	0	-3.106	-3.604	0
sahti_14	Sahti	-2.427	3.613	0	-2.427	3.613	0
sahti_15	Sahti	-1.984	1.805	0	-1.984	1.805	0
sahti_16	Sahti	-1.77	0.339	0	-1.77	0.339	0
sahti_17	Sahti	-1.561	-1.554	0	-1.561	-1.554	0
sahti_18	Sahti	-1.5	-3.784	0	-1.5	-3.784	0
sahti_19	Sahti	-0.286	3.568	0	-0.286	3.568	0
sahti_20	Sahti	-1.167	2.575	0	-1.167	2.575	0
sahti_21	Sahti	0.15	2.158	0	0.15	2.158	0
sahti_22	Sahti	0.232	0.521	0	0.232	0.521	0
sahti_23	Sahti	0.108	-0.946	0	0.108	-0.946	0
sahti_24	Sahti	0.706	-2.152	0	0.706	-2.152	0
sahti_25	Sahti	0.565	-3.648	0	0.565	-3.648	0
sahti_26	Sahti	2.288	3.817	0	2.288	3.817	0
sahti_27	Sahti	1.36	2.87	0	1.36	2.87	0
sahti_28	Sahti	2.05	1.34	0	2.05	1.34	0
sahti_29	Sahti	2.15	-0.71	0	2.15	-0.71	0
sahti_30	Sahti	3.036	-1.6	0	3.036	-1.6	0
sahti_31	Sahti	2.498	-2.798	0	2.498	-2.798	0
sahti_32	Sahti	4.373	3.473	0	4.373	3.473	0
sahti_33	Sahti	3.697	1.286	0	3.697	1.286	0
sahti_34	Sahti	3.684	-0.03	0	3.684	-0.03	0
sahti_35	Sahti	4.505	-1.387	0	4.505	-1.387	0
sahti_36	Sahti	4.735	-3.236	0	4.735	-3.236	0
sahti_37	Sahti	5.37	1.04	0	5.37	1.04	0
sahti_38	Sahti	5.63	-0.36	0	5.63	-0.36	0
sahti_39	Sahti	5.863	-2.134	0	5.863	-2.134	0
sahti_40	Sahti	7.157	-1.242	0	7.157	-1.242	0
sahti_41	Sahti	7.305	0.372	0	7.305	0.372	0
sahti_42	Sahti	7.76	-2.482	0	7.76	-2.482	0
sahti_43	Sahti	0.32	1.485	0	0.32	1.485	0
sahti_44	Sahti	0.2	0.51	0	0.2	0.51	0
sahti_45	Sahti	0.521	-0.766	0	0.521	-0.766	0
sahti_46	Sahti	0.26	-1.78	0	0.26	-1.78	0
sahti_47	Sahti	1.432	1.724	0	1.432	1.724	0
sahti_48	Sahti	1.83	0.03	0	1.83	0.03	0
sahti_49	Sahti	2.481	-1.213	0	2.481	-1.213	0
sahti_50	Sahti	1.756	-2.003	0	1.756	-2.003	0
sahti_51	Sahti	2.98	-2.87	0	2.98	-2.87	0
sahti_52	Sahti	2.91	1.75	0	2.91	1.75	0
sahti_53	Sahti	3.598	0.973	0	3.598	0.973	0
sahti_54	Sahti	3.412	-0.711	0	3.412	-0.711	0
sahti_55	Sahti	4.092	-2.269	0	4.092	-2.269	0
sahti_56	Sahti	4.82	1.51	0	4.82	1.51	0
sahti_57	Sahti	4.762	-0.724	0	4.762	-0.724	0
sahti_58	Sahti	5.24	-2.337	0	5.24	-2.337	0
sahti_59	Sahti	6.952	1.768	0	6.952	1.768	0
sahti_60	Sahti	5.99	0.57	0	5.99	0.57	0
sahti_61	Sahti	5.875	-1.487	0	5.875	-1.487	0
sahti_62	Sahti	6.4	-0.64	0	6.4	-0.64	0
sahti_63	Sahti	7.3	-0.73	0	7.3	-0.73	0
sahti_64	Sahti	4.969	-3.704	0	4.969	-3.704	0
sahti_65	Sahti	4.458	-3.075	0	4.458	-3.075	0
sahti_66	Sahti	7.177	-2.465	0	7.177	-2.465	0
sahti_67	Sahti	3.195	2.923	0	3.195	2.923	0
sahti_68	Sahti	3.263	-3.402	0	3.263	-3.402	0
dread_0	Dreadnought	-3.446	2.019	0	-3.446	2.019	0
dread_1	Dreadnought	-2.1	0.92	0	-2.1	0.92	0
dread_2	Dreadnought	0.169	-0.584	0	0.169	-0.584	0
dread_3	Dreadnought	1.276	0.099	0	1.276	0.099	0
dread_4	Dreadnought	3.175	-1.58	0	3.175	-1.58	0
dread_5	Dreadnought	3.853	-0.732	0	3.853	-0.732	0
dread_6	Dreadnought	-0.72	3	0	-0.72	3	0
dread_7	Dreadnought	-1.633	2.518	0	-1.633	2.518	0
dread_8	Dreadnought	-0.834	1.164	0	-0.834	1.164	0
dread_9	Dreadnought	0.369	2.106	0	0.369	2.106	0
dread_10	Dreadnought	0.048	0.26	0	0.048	0.26	0
dread_11	Dreadnought	2.538	0.132	0	2.538	0.132	0
dread_12	Dreadnought	4.405	-2.637	0	4.405	-2.637	0
sunken_0	Sunken	-5.521	3.146	0	-5.521	3.146	0
sunken_1	Sunken	-4.1	1.78	0	-4.1	1.78	0
sunken_2	Sunken	-2.063	2.524	0	-2.063	2.524	0
sunken_3	Sunken	-2.528	1.421	0	-2.528	1.421	0
sunken_4	Sunken	-3.944	0.58	0	-3.944	0.58	0
sunken_5	Sunken	-5.09	-2.81	0	-5.09	-2.81	0
sunken_6	Sunken	-0.85	0.78	0	-0.85	0.78	0
sunken_7	Sunken	-0.6	-1.54	0	-0.6	-1.54	0
sunken_8	Sunken	-1.73	-3.13	0	-1.73	-3.13	0
sunken_9	Sunken	4.059	2.705	0	4.059	2.705	0
sunken_10	Sunken	2.87	-0.45	0	2.87	-0.45	0
sunken_11	Sunken	2.317	-3.156	0	2.317	-3.156	0
sunken_12	Sunken	6.03	1.64	0	6.03	1.64	0
sunken_13	Sunken	6.17	-1.63	0	6.17	-1.63	0
sunken_14	Sunken	-5.52	2.33	0	-5.52	2.33	0
sunken_15	Sunken	-6.692	0.267	0	-6.692	0.267	0
sunken_16	Sunken	-3.155	3.911	0	-3.155	3.911	0
sunken_17	Sunken	-3.532	1.416	0	-3.532	1.416	0
sunken_18	Sunken	-3.91	-0.84	0	-3.91	-0.84	0
sunken_19	Sunken	-4.919	-3.207	0	-4.919	-3.207	0
sunken_20	Sunken	-0.34	2.57	0	-0.34	2.57	0
sunken_21	Sunken	-0.34	-0.04	0	-0.34	-0.04	0
sunken_22	Sunken	3.26	3.204	0	3.26	3.204	0
sunken_23	Sunken	1.511	1.277	0	1.511	1.277	0
sunken_24	Sunken	0.907	-1.698	0	0.907	-1.698	0
sunken_25	Sunken	4.941	0.829	0	4.941	0.829	0
sunken_26	Sunken	3.003	-1.515	0	3.003	-1.515	0
sunken_27	Sunken	6.631	-1.109	0	6.631	-1.109	0
sunken_28	Sunken	7.448	-1.734	0	7.448	-1.734	0
woods_0	WitchWoods	-6.926	1.444	0	-6.926	1.444	0
woods_1	WitchWoods	-6.39	3.38	0	-6.39	3.38	0
woods_2	WitchWoods	-4.372	2.881	0	-4.372	2.881	0
woods_3	WitchWoods	-5.433	0.831	0	-5.433	0.831	0
woods_4	WitchWoods	-3.379	1.953	0	-3.379	1.953	0
woods_5	WitchWoods	-5.136	-0.132	0	-5.136	-0.132	0
woods_6	WitchWoods	-6.18	-1.145	0	-6.18	-1.145	0
woods_7	WitchWoods	-1.665	3.098	0	-1.665	3.098	0
woods_8	WitchWoods	-2.174	-1.441	0	-2.174	-1.441	0
woods_9	WitchWoods	1.154	2.403	0	1.154	2.403	0
woods_10	WitchWoods	0.328	-0.802	0	0.328	-0.802	0
woods_11	WitchWoods	2.348	1.956	0	2.348	1.956	0
woods_12	WitchWoods	-3.016	0.157	0	-3.016	0.157	0
woods_13	WitchWoods	1.779	-0.703	0	1.779	-0.703	0
woods_14	WitchWoods	4.62	2.849	0	4.62	2.849	0
woods_15	WitchWoods	2.308	0.202	0	2.308	0.202	0
woods_16	WitchWoods	-1.602	1.296	0	-1.602	1.296	0
woods_17	WitchWoods	3.691	0.595	0	3.691	0.595	0
woods_18	WitchWoods	0.278	0.653	0	0.278	0.653	0
woods_19	WitchWoods	-1.803	-3.641	0	-1.803	-3.641	0
woods_20	WitchWoods	-0.443	-3.552	0	-0.443	-3.552	0
woods_21	WitchWoods	1.516	-3.022	0	1.516	-3.022	0
woods_22	WitchWoods	3.021	-1.802	0	3.021	-1.802	0
court_0	CastleCourtyard	-3.433	-2.963	0	-3.433	-2.963	0
court_1	CastleCourtyard	-3.168	-1.457	0	-3.168	-1.457	0
court_2	CastleCourtyard	-2.133	-1.373	0	-2.133	-1.373	0
court_3	CastleCourtyard	-1.09	-1.198	0	-1.09	-1.198	0
court_4	CastleCourtyard	-0.341	-2.907	0	-0.341	-2.907	0
court_5	CastleCourtyard	0.019	-1.302	0	0.019	-1.302	0
court_6	CastleCourtyard	1.408	-2.377	0	1.408	-2.377	0
court_7	CastleCourtyard	-0.8	-0.458	0	-0.8	-0.458	0
court_8	CastleCourtyard	1.918	-1.556	0	1.918	-1.556	0
court_9	CastleCourtyard	1.354	-0.144	0	1.354	-0.144	0
court_10	CastleCourtyard	1.83	0.915	0	1.83	0.915	0
castle_0	CastleSpire	-2.513	-2.936	0	-2.513	-2.936	0
castle_1	CastleSpire	-3.882	-2.122	0	-3.882	-2.122	0
castle_2	CastleSpire	-0.233	-2.066	0	-0.233	-2.066	0
castle_3	CastleSpire	-1.56	-1.21	0	-1.56	-1.21	0
castle_4	CastleSpire	-2.61	-0.45	0	-2.61	-0.45	0
castle_5	CastleSpire	1.046	-0.584	0	1.046	-0.584	0
castle_6	CastleSpire	-0.091	0.232	0	-0.091	0.232	0
castle_7	CastleSpire	-0.352	1.039	0	-0.352	1.039	0
castle_8	CastleSpire	1.769	1.042	0	1.769	1.042	0
castle_9	CastleSpire	0.789	1.62	0	0.789	1.62	0
castle_10	CastleSpire	-0.898	2.829	0	-0.898	2.829	0
dream_0	Dreams	-4.47	-0.86	0	-4.77	-1.96	0
dream_1	Dreams	-3.864	0.309	0	-4.164	-0.791	0
dream_8	Dreams	-2.176	0.567	0	-2.476	-0.5330001	0
dream_2	Dreams	-2.703	3.06	0	-3.003	1.96	0
dream_10	Dreams	-2.854	-1.423	0	-3.154	-2.523	0
dream_3	Dreams	-0.96	4.032	0	-1.26	2.932	0
dream_6	Dreams	-1.736	2.596	0	-2.036	1.496	0
dream_9	Dreams	-1.24	-0.235	0	-1.54	-1.335	0
dream_11	Dreams	-0.69	-1.764	0	-0.99	-2.864	0
dream_4	Dreams	0.133	3.021	0	-0.167	1.921	0
dream_7	Dreams	0.026	1.371	0	-0.274	0.271	0
dream_5	Dreams	1.223	2.311	0	0.923	1.211	0
dream_13	Dreams	2.283	1.43	0	1.983	0.3299999	0
dream_14	Dreams	2.896	1.771	0	2.596	0.671	0
dream_12	Dreams	0.3	1.1	0	0	0	0
sen_0	Senenthia	-7.25	-0.38	0	-7.55	-1.48	0
sen_41	Senenthia	-6.51	0.52	0	-6.81	-0.58	0
sen_1	Senenthia	-5.24	3.47	0	-5.54	2.37	0
sen_2	Senenthia	-4.61	0.76	0	-4.91	-0.34	0
sen_3	Senenthia	-5.42	-1.36	0	-5.72	-2.46	0
sen_4	Senenthia	-3.41	4.51	0	-3.71	3.41	0
sen_5	Senenthia	-3.71	2.53	0	-4.01	1.43	0
sen_6	Senenthia	-3.55	-0.09	0	-3.85	-1.19	0
sen_7	Senenthia	-3.73	-1.92	0	-4.03	-3.02	0
sen_8	Senenthia	-2.495	3.766	0	-2.795	2.666	0
sen_9	Senenthia	-2.33	1.67	0	-2.63	0.5699999	0
sen_10	Senenthia	-2.19	-0.68	0	-2.49	-1.78	0
sen_11	Senenthia	-1.47	4.5	0	-1.77	3.4	0
sen_12	Senenthia	-0.669	2.727	0	-0.969	1.627	0
sen_13	Senenthia	-0.93	0.6	0	-1.23	-0.5	0
sen_14	Senenthia	-1.19	-1.69	0	-1.49	-2.79	0
sen_15	Senenthia	1.06	4.44	0	0.7599999	3.34	0
sen_16	Senenthia	0.24	1.88	0	-0.06000002	0.78	0
sen_17	Senenthia	1.46	-0.29	0	1.16	-1.39	0
sen_18	Senenthia	0.06	-2.55	0	-0.24	-3.65	0
sen_19	Senenthia	1.91	3.96	0	1.61	2.86	0
sen_20	Senenthia	2.14	1.73	0	1.84	0.63	0
sen_21	Senenthia	2.19	-2.46	0	1.89	-3.56	0
sen_22	Senenthia	3.57	3.79	0	3.27	2.69	0
sen_23	Senenthia	3.06	-0.3	0	2.76	-1.4	0
sen_24	Senenthia	4.13	4.8	0	3.83	3.7	0
sen_25	Senenthia	4.3	1.91	0	4	0.8099999	0
sen_26	Senenthia	4.79	-1.26	0	4.49	-2.36	0
sen_27	Senenthia	6.46	4.43	0	6.16	3.33	0
sen_28	Senenthia	5.2	3.3	0	4.9	2.2	0
sen_29	Senenthia	6.18	1.25	0	5.88	0.15	0
sen_30	Senenthia	5.67	-0.53	0	5.37	-1.63	0
sen_31	Senenthia	6.07	-2.62	0	5.77	-3.72	0
sen_32	Senenthia	7.43	-0.3	0	7.13	-1.4	0
sen_33	Senenthia	7.8	1.73	0	7.5	0.63	0
sen_34	Senenthia	8.71	2.04	0	8.41	0.9399999	0
sen_35	Senenthia	0.099	-0.519	0	-0.201	-1.619	0
sen_36	Senenthia	1.7	2.9	0	1.4	1.8	0
sen_37	Senenthia	3.29	2.72	0	2.99	1.62	0
sen_38	Senenthia	6.777	2.687	0	6.477	1.587	0
sen_39	Senenthia	-1.747	3.1	0	-2.047	2	0
sen_40	Senenthia	0.021	4.091	0	-0.279	2.991	0
sen_42	Senenthia	1.462	0.99	0	1.162	-0.11	0
sen_43	Senenthia	6.982	-1.479	0	6.682	-2.579	0
sen_44	Senenthia	-5.489	1.758	0	-5.789	0.658	0
sen_45	Senenthia	7.389	5.005	0	7.089	3.905	0
sen_46	Senenthia	7.33	3.918	0	7.03	2.818	0
sen_47	Senenthia	0.659	3.286	0	0.359	2.186	0
sen_48	Senenthia	0.7	-1.51	0	0.4	-2.61	0
tutorial_0	Senenthia	-7.87	-2.34	0	-8.17	-3.44	0
tutorial_1	Senenthia	-7.1	-1.37	0	-7.4	-2.47	0
tutorial_2	Senenthia	-7.24	-0.38	0	-7.54	-1.48	0
sen_50	Senenthia	0.3	1.1	0	0	0	0